#ZVView-data-copy:   6-Oct-2017 16:33:38
#=======================================
#
#name:   ENDF/B-VIII.b4: XE-128(N,INL)XE-128
#X.axis: Incident Energy
#Y.axis: Cross Section
#wdata:  2
#ldata:  340
#data...
#            X            Y
#          MeV        barns
      0.446393            0
           0.5     0.219985
      0.521478      0.24906
      0.549808     0.285632
      0.574699     0.316241
      0.603747     0.350328
      0.636501      0.38685
      0.678159     0.430676
           0.7     0.452589
      0.748331      0.48511
           0.8     0.517631
      0.873885     0.558442
       0.93778     0.590618
      0.977146      0.60919
             1     0.666558
       1.02042     0.692297
       1.04125     0.718005
       1.06531     0.739318
       1.10875     0.776926
       1.14249       0.8054
       1.19504     0.848559
          1.25     0.892276
       1.29521     0.918457
       1.33018      0.93849
       1.34205     0.945208
       1.38442     0.968283
       1.44087     0.998593
           1.5      1.04855
       1.54105      1.07217
       1.57105      1.08918
       1.57713      1.09261
       1.59548      1.10287
       1.60573      1.11141
       1.61604      1.12009
       1.64649      1.13895
       1.68169      1.16063
       1.68273      1.16126
        1.7155      1.18103
       1.71604      1.18135
       1.75035      1.20159
        1.7507      1.20174
       1.78503      1.21809
       1.82003      1.23466
       1.83778      1.24299
       1.85571      1.25134
        1.8921      1.26782
       1.91852      1.28097
        1.9453      1.29429
       1.95375      1.29847
             2      1.32132
       2.00611       1.3239
       2.01224      1.32645
        2.0138       1.3276
       2.01537      1.32868
         2.031       1.3376
       2.04675      1.34657
       2.05865      1.35335
       2.07863      1.36469
       2.09475      1.37381
       2.09551      1.37424
         2.111      1.38296
       2.14387      1.40136
       2.19462      1.42825
       2.22045      1.44188
       2.24658      1.45556
       2.25859      1.46059
       2.27067      1.46595
       2.28067      1.47221
       2.29072      1.47837
       2.29889      1.48529
       2.31901      1.49683
       2.33421      1.50549
       2.34952      1.51415
       2.35978       1.5199
       2.38043      1.53147
       2.41012      1.54695
       2.42511      1.55479
       2.44019      1.56266
       2.44503      1.56544
       2.44987      1.56807
       2.46317       1.5766
       2.48255      1.58629
        2.4923      1.59118
       2.50208      1.59606
       2.51128      1.60172
       2.52052      1.60737
       2.52551      1.61011
        2.5305      1.61242
        2.5314      1.61389
       2.53231      1.61529
       2.53679      1.61771
       2.54128      1.62013
       2.54788       1.6228
       2.56092      1.62806
       2.56777      1.63083
       2.58637       1.6383
       2.59286      1.64091
       2.59454      1.64159
        2.6182      1.65099
       2.62184      1.65243
       2.64057      1.65981
       2.64893      1.66309
        2.6548      1.66541
       2.66313       1.6687
       2.68303      1.67652
       2.68436      1.67704
       2.69046      1.67942
       2.69046      1.67942
       2.69568      1.68154
       2.70182      1.68404
       2.72192       1.6922
       2.73264      1.69654
       2.73852      1.69892
       2.74906      1.70319
       2.75417      1.70525
       2.76113      1.70805
       2.76471       1.7095
       2.79308       1.7209
       2.79716      1.72253
       2.80167      1.72441
       2.80976      1.72776
       2.81368      1.72938
       2.81815      1.73123
         2.819      1.73158
         2.819      1.73158
        2.8632      1.75004
       2.87095      1.75324
       2.87628      1.75543
       2.87809      1.75618
       2.87885      1.75649
       2.87995      1.75695
       2.89469      1.76294
       2.90765      1.76819
       2.90809      1.76837
        2.9308      1.77759
       2.95635       1.7883
       2.95818      1.78907
       2.95906      1.78943
             3      1.80648
        3.0403      1.81318
       3.07944      1.81969
       3.08028      1.81983
       3.10984      1.82393
       3.13019      1.82679
       3.15583      1.83039
       3.15916      1.83076
       3.20219      1.83701
       3.20925      1.83803
       3.22371      1.84017
       3.25074      1.84437
       3.29249      1.84943
       3.29884      1.85019
       3.31184      1.85217
       3.37358      1.86171
       3.37673       1.8622
       3.39092      1.86385
       3.40237      1.86521
       3.44617      1.87052
       3.46167      1.87239
       3.46167      1.87239
        3.4719      1.87393
       3.51348      1.88037
       3.54284       1.8839
       3.57699      1.88814
       3.58905      1.88963
       3.58905      1.88963
         3.597      1.89072
       3.62926      1.89521
       3.63801      1.89616
       3.64506      1.89696
       3.65198       1.8978
       3.67835      1.90105
       3.68765       1.9022
        3.6891      1.90239
       3.72532      1.90702
       3.73073      1.90774
       3.75755      1.91137
       3.76337      1.91197
       3.76449      1.91208
       3.79315      1.91518
       3.81841      1.91798
       3.82118      1.91831
       3.83581      1.92007
       3.84065      1.92065
       3.84141      1.92075
       3.86302      1.92346
       3.87988      1.92562
       3.88046       1.9257
       3.91749      1.93056
       3.91951      1.93077
        3.9199      1.93081
       3.93948      1.93292
       3.93977      1.93295
       3.94725      1.93378
       3.95381      1.93452
       3.95955      1.93518
             4      1.93991
       4.05618      1.93705
       4.16364      1.93171
       4.21476      1.93016
       4.22949      1.92973
       4.30574      1.92505
       4.39868      1.92102
        4.4102      1.92054
        4.4697      1.91801
        4.4697      1.91801
       4.54187       1.9162
       4.55078      1.91598
       4.59675      1.91342
       4.64533      1.91106
       4.65231      1.91073
       4.69441      1.90902
       4.69585      1.90896
       4.73156      1.90753
       4.73689      1.90732
       4.76901      1.90625
       4.80134      1.90522
       4.82302      1.90461
       4.82574      1.90454
       4.84554      1.90404
       4.86667      1.90306
       4.88314      1.90238
       4.93288      1.90041
       4.94122       1.9001
       4.95516       1.8996
             5      1.89801
       5.11526       1.8898
       5.16652      1.88619
       5.21829      1.88275
       5.23318      1.88177
       5.31014      1.87669
       5.32339      1.87586
       5.40361      1.87093
       5.47479      1.86657
       5.48503      1.86598
       5.54691      1.86248
       5.60162      1.85939
       5.65687      1.85631
       5.66367      1.85596
       5.70466      1.85381
       5.73266      1.85235
       5.74076      1.85186
        5.7771      1.84967
        5.8045      1.84804
       5.85046       1.8454
       5.86895      1.84434
       5.88573      1.84339
       5.92476      1.84118
       5.93411      1.84065
       5.96697      1.83885
             6      1.83705
       6.22074      1.83336
       6.23574      1.83313
       6.40702      1.83049
        6.4186      1.83032
       6.55038      1.82843
        6.6128      1.82757
       6.70754       1.8263
       6.74856      1.82577
       6.77949      1.82538
       6.85221      1.82446
       6.91516       1.8237
       6.92571      1.82357
       6.96276      1.82313
             7      1.82269
       7.23762      1.81871
       7.42112      1.81568
       7.61523      1.81251
       7.75047      1.81033
       7.87425      1.80836
       7.91594      1.80769
             8      1.80636
       8.23907      1.79216
       8.49309      1.77708
       8.67077      1.76654
       8.83385      1.75687
       8.95817       1.7495
             9      1.74702
       9.24021      1.72379
       9.49465      1.69918
       9.67213      1.68202
        9.8347       1.6663
       9.88949        1.661
            10      1.65031
        10.333      1.48353
       10.4664      1.41676
       10.6203      1.34316
       10.9287      1.19569
       10.9701      1.17591
       11.1872       1.0761
       11.3273      1.01169
       11.3851      0.98594
        11.601     0.889675
       11.6588     0.863896
       11.7739     0.814043
       11.8864     0.765305
       11.9242     0.748955
        11.962     0.732554
            12     0.716101
        12.337     0.637883
       12.4715     0.606681
       12.6264     0.572112
       12.9566     0.498417
       12.9771     0.493843
       13.2099     0.443589
       13.3335     0.416907
       13.4764     0.386866
       13.4868      0.38466
       13.6611     0.348007
       13.6627     0.347665
        13.709     0.338164
       13.8295     0.313424
       13.8537      0.30845
       13.9511     0.288467
       13.9572     0.287214
            14     0.278423
        14.336     0.254172
       14.4914     0.242958
       14.5697     0.237496
       14.7833     0.222603
            15     0.207492
       15.3365     0.194236
       15.5702     0.185028
       15.7439     0.178187
       15.7837     0.176671
       15.8554     0.173932
            16     0.168418
       16.4781      0.15723
       16.8461     0.148619
       17.1274     0.142343
       17.2342     0.139963
       17.3415     0.137567
       17.5039     0.133946
       17.6068     0.131649
       17.7502     0.128555
       17.8747     0.125869
            18     0.123164
       18.9737     0.105785
       19.7383    0.0927516
            20     0.088407
//
#-------------------------------------------------------------------------------
#
#name:   ENDF/B-VIII.b4: XE-129(N,INL)XE-129
#X.axis: Incident Energy
#Y.axis: Cross Section
#wdata:  2
#ldata:  387
#data...
#            X            Y
#          MeV        barns
     0.0399099            0
          0.05     0.257195
     0.0544061     0.284247
     0.0583909     0.306889
      0.063173     0.332104
     0.0670149     0.351015
     0.0732201     0.379381
          0.08     0.407748
     0.0894427     0.430193
           0.1     0.452637
      0.110668     0.466709
      0.128842     0.487817
          0.15     0.508925
      0.186121     0.528244
           0.2     0.534684
      0.237947     0.546204
          0.25     0.549864
      0.250713     0.550019
      0.252123     0.550325
      0.254835     0.550915
      0.257447     0.551483
      0.261125     0.552283
      0.265695     0.553277
      0.271676     0.554577
      0.278496      0.55606
      0.283723     0.557195
      0.291748     0.558939
           0.3     0.560731
      0.308882     0.562678
      0.316705     0.564392
       0.32069     0.565265
      0.324217     0.587436
      0.329244     0.598952
      0.331628     0.604412
      0.338576     0.620062
      0.338881     0.620738
      0.347271     0.639299
      0.347545     0.639892
      0.355307     0.656685
      0.358758     0.664148
      0.361088     0.669058
      0.369311     0.687105
      0.371997        0.693
      0.380174     0.710536
      0.382246      0.71498
      0.396011      0.74378
      0.397072     0.746057
      0.398152     0.748378
       0.41472     0.782966
      0.428892     0.807867
      0.441126     0.829356
      0.442255     0.831339
      0.450077     0.844781
       0.45516     0.853325
      0.455368     0.853674
      0.470693     0.880192
      0.474382     0.886573
      0.482772     0.900817
      0.490034     0.912968
           0.5     0.929641
      0.516974      0.94636
      0.522759     0.952056
      0.549296     0.981981
      0.563066     0.997499
      0.577181      1.01317
      0.593105      1.03819
      0.608714      1.06235
      0.620114       1.0798
      0.622419      1.08331
      0.629387      1.09385
       0.64967      1.12364
      0.660056      1.13888
      0.670607       1.1543
      0.692533      1.18331
           0.7       1.1931
      0.718534      1.21102
      0.737559      1.22906
      0.743607      1.23466
       0.74726      1.23802
      0.757088      1.24692
      0.765794      1.25478
      0.777134      1.26497
      0.788484      1.27393
           0.8       1.2831
      0.807064      1.28803
      0.814191        1.293
      0.817778      1.29563
      0.828634      1.30358
      0.829641      1.30445
      0.835155      1.30811
      0.844893      1.31457
        0.8491      1.31736
      0.857846      1.32316
      0.866143      1.32865
      0.874792      1.33438
      0.887307      1.34411
      0.893631        1.349
           0.9      1.35393
       0.90567      1.35736
      0.911376      1.36121
      0.932152      1.37804
      0.953402      1.39515
      0.963276      1.40331
      0.973251      1.41155
      0.978278      1.41567
       0.98333      1.41981
      0.993514      1.42812
      0.996752       1.4302
             1      1.43245
       1.00349      1.43501
         1.007      1.43758
        1.0104      1.44007
       1.01715      1.44497
        1.0207      1.44753
       1.02829      1.45301
       1.03034      1.45447
       1.03371      1.45683
       1.04605       1.4655
       1.04878      1.46741
       1.05369      1.47081
       1.05737      1.47334
         1.065      1.47853
       1.06599       1.4792
       1.06961      1.48161
       1.07972      1.48837
       1.08742      1.49346
       1.09065      1.49556
       1.09674      1.49951
       1.09967      1.50141
       1.10255      1.50326
        1.1094      1.50776
       1.11556       1.5118
       1.11803      1.51339
       1.11998      1.51467
        1.1332      1.52321
       1.13547      1.52467
        1.1377       1.5261
       1.14299      1.52949
       1.14775      1.53253
       1.14966      1.53372
       1.16885      1.54566
        1.1725      1.54793
        1.1736       1.5486
       1.17396      1.54882
       1.18218      1.55377
       1.18321      1.55439
       1.19136      1.55929
       1.19878      1.56371
       1.20875      1.56976
       1.21063       1.5709
       1.21138      1.57135
         1.224      1.57878
          1.25      1.59408
       1.27881      1.60962
       1.29163      1.61653
       1.30829      1.62503
         1.316      1.62895
       1.32754      1.63481
       1.34796      1.64463
       1.35379      1.64744
        1.3687      1.65479
       1.36931      1.65507
       1.38446      1.66241
       1.41422      1.67683
       1.42467      1.68156
       1.42502      1.68172
       1.43316      1.68539
       1.44959      1.69288
       1.47084      1.70272
       1.47446       1.7043
           1.5      1.71547
       1.52918      1.72709
       1.55893      1.73893
       1.58163      1.74714
       1.60465      1.75547
       1.62019      1.76062
       1.62214      1.76134
       1.67575      1.78102
       1.68384      1.78364
       1.68486      1.78397
       1.70014      1.78897
        1.7166       1.7945
          1.75      1.80593
       1.77946      1.81494
       1.80941      1.82436
       1.85528      1.83669
       1.87083      1.84097
       1.89045      1.84713
       1.90232      1.85086
       1.93434      1.85915
       1.95055      1.86337
       1.96279      1.86663
       1.96689      1.86772
             2      1.87671
       2.05133      1.88971
       2.10398      1.90099
       2.15115      1.91212
       2.21336      1.92503
       2.24248      1.93107
       2.28641       1.9411
       2.36537      1.95611
       2.40077      1.96347
        2.4367      1.97117
       2.44707      1.97353
       2.45726      1.97529
       2.50088      1.98282
       2.51018      1.98455
       2.56674      1.99514
       2.57492      1.99677
       2.61728      2.00529
       2.62458      2.00684
       2.63175      2.00798
       2.63879       2.0091
       2.66881      2.01388
       2.67518      2.01495
       2.71378      2.02141
       2.74801      2.02728
       2.74801      2.02728
       2.75293      2.02819
       2.77831      2.03287
       2.80985      2.03887
       2.83294      2.04328
       2.83548      2.04365
        2.8533      2.04624
       2.85554      2.04657
       2.87124      2.04898
       2.87441      2.04949
       2.88757      2.05164
       2.91527      2.05615
       2.94413      2.06085
       2.95105      2.06199
       2.95733      2.06305
       2.96263      2.06394
       2.96728      2.06473
             3       2.0704
       3.10984      2.06675
       3.15916      2.06513
       3.20925      2.06415
       3.25374      2.06328
       3.29884       2.0624
       3.37927       2.0618
       3.39092      2.06171
       3.40237      2.06163
       3.45126      2.05988
       3.46167       2.0596
       3.52478        2.058
       3.58095       2.0566
       3.58905      2.05646
         3.597      2.05633
       3.63801      2.05567
       3.68141      2.05497
       3.72532      2.05434
       3.72532      2.05434
       3.76337      2.05404
       3.78995      2.05383
       3.79217      2.05377
       3.79315      2.05375
       3.82118      2.05308
       3.84309      2.05257
       3.86022      2.05222
        3.8947      2.05157
       3.91951      2.05114
       3.93948      2.05079
         3.947      2.05066
       3.96459       2.0504
             4      2.04991
       4.11314       2.0369
       4.16364       2.0311
       4.30574      2.01517
        4.3189      2.01373
        4.4697      1.99722
        4.4697      1.99722
       4.47994      1.99612
       4.59675      1.98362
       4.64533      1.97851
       4.65231      1.97778
       4.65231      1.97778
       4.73156      1.96945
       4.76901      1.96557
       4.77362       1.9651
       4.80134      1.96223
       4.82574      1.95971
       4.88314      1.95385
       4.92337      1.94975
       4.93288      1.94878
       4.94122      1.94793
             5        1.942
       5.11526      1.93201
       5.16652      1.92757
       5.21829      1.92311
       5.31014      1.91519
       5.32339      1.91406
       5.40361      1.90718
       5.47479      1.90109
       5.48503      1.90021
       5.54691      1.89494
       5.60162      1.89028
       5.60948      1.88961
       5.65687      1.88559
       5.70466      1.88154
       5.74076      1.87847
        5.7771      1.87541
       5.80145      1.87335
       5.85046      1.86921
       5.86895      1.86765
       5.92476      1.86295
       5.94974      1.86085
       5.96697       1.8594
             6      1.85663
       6.22074      1.85119
       6.23574      1.85082
       6.40702      1.84662
        6.4186      1.84634
       6.55038      1.84312
        6.6128       1.8416
       6.70754       1.8393
       6.74856       1.8383
       6.85221      1.83579
       6.91516      1.83426
       6.96276      1.83311
             7      1.83221
       7.23762      1.76633
       7.42112      1.71545
       7.48331      1.69821
       7.61523        1.664
       7.75047      1.62893
       7.87425      1.59683
       7.91594      1.58601
             8      1.56422
       8.23907      1.43326
       8.42305      1.33613
       8.61113      1.23683
       8.61708      1.23383
       8.75193      1.16571
        8.8751       1.1035
       8.91654      1.08256
             9       1.0404
       9.24021     0.950378
       9.42457     0.881286
       9.49465     0.856122
       9.67213     0.792391
       9.80439     0.744899
        9.8347     0.734333
       9.95842     0.691203
            10     0.676706
        10.333     0.619595
       10.4664     0.596733
       10.6203      0.57153
       10.9287     0.521033
       10.9701      0.51426
       11.1872     0.480084
       11.3273     0.458029
       11.3851     0.449254
        11.601      0.41645
       11.7715     0.390552
       11.7739      0.39019
       11.8864     0.373581
       11.9242     0.368009
            12     0.356813
        12.337      0.33599
       12.6264     0.318112
        12.653     0.316466
       12.9566     0.298526
       13.1185     0.288957
       13.2099     0.283766
       13.4868      0.26804
       13.6998     0.255946
        13.709      0.25544
       13.8537     0.247483
       13.9023     0.244811
            14     0.239441
        14.336     0.230344
       14.5697     0.224017
       14.7435     0.219311
       14.7833      0.21827
       14.8552      0.21639
            15     0.212601
       15.3365      0.20535
       15.4296     0.203344
       15.5702     0.200312
       15.7122     0.197253
       15.8554     0.194166
            16     0.191051
       16.9706     0.171837
            18     0.152624
       18.9737     0.133853
            20     0.115082
//
#-------------------------------------------------------------------------------
#
#name:   ENDF/B-VIII.b4: XE-130(N,INL)XE-130
#X.axis: Incident Energy
#Y.axis: Cross Section
#wdata:  2
#ldata:  60
#data...
#            X            Y
#          MeV        barns
      0.540162            0
         0.567     0.240283
           0.6     0.346266
           0.7      0.53576
         0.722     0.564348
           0.8     0.649967
         0.878     0.717672
           0.9     0.735595
             1     0.805784
         1.033     0.826559
       1.13071     0.876463
         1.131     0.877476
         1.188       1.0135
          1.21       1.0423
         1.213      1.04572
       1.21335        1.046
         1.231      1.07502
         1.252      1.10198
         1.274      1.12601
         1.388      1.22871
           1.5      1.30693
         1.614      1.37305
       1.64568      1.38925
         1.646      1.38954
         1.728      1.43882
         1.774      1.46228
         1.821      1.48511
       1.82204      1.48527
         1.867      1.50995
         1.913       1.5319
         1.949      1.54867
         1.959       1.5533
         1.985      1.59057
             2      1.59747
         2.021       1.6071
         2.057      1.62263
           2.1      1.64093
           2.5      2.01053
             3      2.23826
           3.5      2.42421
             4      2.47695
           4.5       2.4506
             5      2.39569
           5.5       2.3289
             6      2.26227
           6.5      2.20408
             7      2.15185
           7.5      2.10935
             8       2.0681
           8.5       2.0274
             9      1.98395
           9.5      1.93637
            10      1.74347
            11     0.616034
            12     0.248917
            13     0.115994
            14    0.0528915
            15   0.00747433
            16            0
            20            0
//
#-------------------------------------------------------------------------------
#
#name:   ENDF/B-VIII.b4: XE-131(N,INL)XE-131
#X.axis: Incident Energy
#Y.axis: Cross Section
#wdata:  2
#ldata:  53
#data...
#            X            Y
#          MeV        barns
     0.0808079            0
          0.09    0.0514676
           0.1    0.0849105
          0.15     0.163043
      0.165193     0.172763
           0.2     0.200224
           0.3     0.237697
      0.343769     0.243091
      0.367299     0.256393
           0.4     0.365194
      0.407929     0.375058
         0.495      0.60734
           0.5      0.62075
      0.569545      0.70311
           0.6      0.75667
      0.641898     0.785859
      0.672069     0.833039
           0.7     0.899166
      0.705293     0.902512
       0.72848     0.932459
           0.8      1.08056
       0.81214      1.09407
           0.9      1.19194
      0.920881      1.20103
      0.959628      1.23562
      0.978703      1.25988
      0.980608       1.2627
             1      1.29997
           1.1      1.40192
           1.2      1.50992
           1.4      1.65411
           1.6      1.77262
             2      1.96868
           2.6      2.08517
             3      2.18007
             4      2.21611
             5      2.19763
             6      2.10102
             7      2.01197
             8      1.70175
             9      1.20931
            10     0.785862
            11     0.572952
            12     0.441908
            13     0.395562
            14     0.350249
          14.5     0.338041
            15     0.330375
            16     0.312363
            17     0.301856
            18     0.296297
            19     0.276351
            20     0.257939
//
#-------------------------------------------------------------------------------
#
#name:   ENDF/B-VIII.b4: XE-132(N,INL)XE-132
#X.axis: Incident Energy
#Y.axis: Cross Section
#wdata:  2
#ldata:  71
#data...
#            X            Y
#          MeV        barns
       0.67281            0
           0.7       0.2086
           0.8      0.44523
           0.9      0.56768
             1      0.65508
          1.15      0.75873
        1.3078      0.84904
        1.4513      1.06051
           1.6      1.20342
        1.8175      1.33982
         1.978      1.45971
        2.0009      1.47637
         2.056      1.53358
        2.1264      1.58773
         2.128      1.59012
        2.1837      1.62992
        2.2039      1.64418
         2.231      1.67168
         2.321      1.73727
        2.3686        1.767
        2.4132      1.79385
        2.4433      1.81243
         2.488      1.84204
           2.6      1.94363
        2.7456      2.09602
        2.8159      2.16477
             3      2.31215
          3.25      2.44441
           3.5      2.52511
             4      2.59784
           4.5      2.60434
             5      2.57409
           5.5      2.52852
             6      2.48506
           6.5      2.44488
        6.9521      2.42103
           7.2      2.40895
           7.5      2.40136
             8      2.38962
           8.5       2.3845
          8.75      2.38217
         9.003      2.37985
        9.1936      2.37269
        9.3441      2.35264
           9.5      2.31372
          9.75      2.21922
            10       2.1066
         10.25      1.97676
          10.5      1.84693
         10.75      1.72551
            11      1.61271
          11.5      1.40411
            12      1.23234
          12.5      1.09874
            13     0.991881
          13.5      0.90289
            14     0.828946
          14.5     0.762742
          14.6     0.751051
            15     0.708842
          15.5     0.662923
        15.673     0.648935
            16     0.622519
          16.5     0.586967
            17     0.554623
          17.5     0.524668
            18     0.496509
          18.5     0.470313
            19     0.445242
          19.5     0.421146
            20     0.397933
//
#-------------------------------------------------------------------------------
#
#name:   ENDF/B-VIII.b4: XE-133(N,INL)XE-133
#X.axis: Incident Energy
#Y.axis: Cross Section
#wdata:  2
#ldata:  283
#data...
#            X            Y
#          MeV        barns
       0.23497            0
          0.25   0.00408851
      0.253595   0.00503202
      0.259085   0.00644728
      0.264694   0.00786255
      0.273111    0.0282427
      0.279598    0.0439123
      0.289619    0.0680531
           0.3    0.0929821
      0.309733     0.102877
      0.314403     0.107582
      0.323653     0.116588
      0.328225     0.120995
      0.336975     0.129128
      0.345957     0.137386
      0.354013     0.144521
      0.362256     0.151741
      0.369626     0.157944
      0.384303     0.170151
      0.390246     0.174867
      0.408386     0.189083
      0.410438     0.190673
      0.429582     0.204871
        0.4312     0.206056
      0.453514     0.221649
      0.464327     0.229097
      0.483998     0.241908
           0.5     0.252206
      0.533922     0.268362
      0.581775     0.351336
      0.616838      0.41182
      0.643887     0.458277
      0.661714      0.48878
      0.685362     0.529164
           0.7     0.570879
      0.712047     0.588604
      0.730507     0.615348
      0.749445     0.642285
       0.77431     0.676371
           0.8     0.711024
      0.819743     0.731984
      0.839973     0.753234
      0.846397     0.759847
      0.869931     0.783805
      0.881943      0.79594
           0.9     0.830106
      0.909162     0.841217
      0.918418     0.852289
      0.938167     0.879818
      0.958341     0.907688
       0.96859     0.921768
             1     0.964463
        1.0297     0.991824
       1.04489      1.00564
       1.06029      1.01953
        1.1039      1.05818
       1.13778       1.0879
        1.1493      1.09789
        1.1727      1.11802
       1.19657       1.1383
       1.20869       1.1486
       1.24578      1.17991
       1.24789      1.18316
          1.25      1.18643
       1.26427      1.19711
       1.28324       1.2112
       1.30805      1.22944
       1.34723      1.26155
       1.36055      1.27241
       1.39551      1.30242
       1.41546      1.32132
       1.43614      1.33671
       1.45184      1.34834
       1.45712      1.35221
       1.46772      1.35994
           1.5      1.38333
       1.52491      1.39762
       1.55024      1.41205
       1.56307      1.41925
       1.57599      1.42644
       1.60217      1.44093
       1.66252      1.47405
       1.70024      1.49428
       1.73325      1.51185
          1.75      1.52071
       1.76467      1.52865
        1.7925      1.54346
       1.82813      1.56196
        1.8322      1.56402
       1.85849      1.57722
       1.87083      1.58322
       1.90784      1.60191
       1.92628       1.6109
       1.93434       1.6148
       1.95338      1.62401
             2      1.64582
       2.05133      1.66826
       2.10065      1.68828
       2.10398      1.68952
       2.15115      1.70721
        2.1705      1.71536
       2.19939      1.72643
       2.21336      1.73186
       2.23664      1.74093
       2.28641      1.75841
       2.29912      1.76338
       2.32026      1.77175
       2.37687      1.79153
        2.3882      1.79553
       2.40077          1.8
       2.42989      1.81044
        2.4367      1.81257
       2.44707      1.81604
       2.50088      1.83463
       2.51933      1.84106
       2.52562      1.84328
       2.56674      1.85604
       2.58297      1.86138
       2.61728      1.87282
       2.62458      1.87528
       2.63175      1.87774
       2.63668      1.87945
       2.67667       1.8915
       2.68145      1.89295
       2.71378      1.90284
       2.74801      1.91392
       2.75293      1.91553
       2.76109      1.91824
       2.78368      1.92468
       2.80985      1.93222
        2.8533      1.94483
       2.87124      1.95029
       2.88982      1.95601
       2.91527      1.96389
       2.91568      1.96402
       2.91815       1.9648
       2.96263      1.97713
             3       1.9877
       3.15916      1.99396
       3.22371      1.99816
       3.29884       2.0003
       3.40237      2.00572
       3.45126      2.00648
       3.46167      2.00667
       3.58095      2.01105
       3.58905      2.01137
       3.63801      2.01395
       3.68765      2.01664
        3.6891      2.01672
       3.72532      2.01733
       3.72532      2.01733
       3.76337      2.01837
       3.82118         2.02
       3.84065      2.02071
       3.86022      2.02148
       3.87988      2.02229
       3.93948      2.02478
       3.95955      2.02575
       3.96459        2.026
             4       2.0278
       4.16364      2.01055
       4.30574      1.99654
        4.4697      1.98142
        4.4697      1.98142
       4.59675      1.97045
       4.64533      1.96644
       4.72871      1.95965
       4.73689      1.95892
       4.76901      1.95614
       4.86667      1.94778
       4.88314      1.94642
             5       1.9369
       5.11526       1.9271
       5.16652      1.92277
       5.21829      1.91845
       5.31014      1.91078
       5.32339      1.90969
       5.40361      1.90312
       5.47479      1.89729
       5.48503      1.89646
       5.54691      1.89148
       5.65687      1.88263
       5.70466      1.87885
        5.7771      1.87312
        5.8045      1.87096
       5.85046      1.86737
       5.92476      1.86158
       5.93411      1.86085
             6      1.85576
       6.22074      1.80914
       6.23574      1.80598
       6.40702      1.76989
        6.4186      1.76745
       6.48074      1.75437
       6.55038      1.74074
        6.6128      1.72854
       6.70754      1.71003
       6.74856      1.70202
       6.77949      1.69598
       6.85221      1.68179
       6.91516      1.66951
       6.92571      1.66746
       6.96276      1.66024
             7      1.65298
       7.22254      1.48331
       7.23762      1.47181
        7.3288      1.40231
       7.40952       1.3431
       7.42112      1.33458
       7.55292       1.2379
       7.56179       1.2314
       7.61523      1.19353
       7.70965      1.12661
       7.75047      1.09767
       7.85118      1.02631
       7.85348      1.02472
       7.87425      1.01041
       7.96312     0.949173
             8     0.923759
       8.23907     0.816303
       8.33055     0.775186
       8.42305     0.735001
       8.56372     0.673886
       8.61708     0.651399
       8.75193     0.594567
       8.85216     0.552326
        8.8751     0.542895
             9     0.491546
       9.24021       0.4415
       9.49465      0.39021
        9.6126     0.366432
       9.67213      0.35484
        9.8347     0.323181
       9.90171      0.31013
       9.95842     0.299303
            10     0.291363
        10.333     0.268616
       10.4664      0.25951
       10.6203     0.249472
       10.9496     0.227998
       10.9701     0.226662
       11.2032     0.212045
       11.3273     0.204265
        11.471     0.195573
       11.6572     0.184304
       11.7715     0.177389
       11.8273     0.174102
       11.9566     0.166502
            12     0.163951
        12.337     0.157097
       12.6264     0.151212
       12.8372     0.146925
       12.9566     0.144644
       13.2099     0.139805
       13.4868     0.134515
       13.6011     0.132332
        13.709     0.130359
        13.741     0.129773
       13.9023     0.126822
       13.9348     0.126228
            14     0.125035
        14.336     0.122758
       14.5697     0.121174
       14.8552     0.119239
            15     0.118257
        15.244     0.116425
       15.3365      0.11573
       15.5702     0.113974
       15.6174      0.11362
       15.8554     0.111833
       15.9035     0.111472
            16     0.110747
       16.4781     0.106875
       16.8461     0.103896
       16.9706     0.102888
       17.1274      0.10169
       17.2342     0.100875
       17.5039    0.0988162
       17.6677    0.0975653
       17.7502    0.0969355
            18    0.0950283
       18.9737    0.0843296
            20    0.0736309
//
#-------------------------------------------------------------------------------
#
#name:   ENDF/B-VIII.b4: XE-134(N,INL)XE-134
#X.axis: Incident Energy
#Y.axis: Cross Section
#wdata:  2
#ldata:  70
#data...
#            X            Y
#          MeV        barns
       0.85338            0
           0.9      0.27512
             1      0.47281
           1.1      0.58402
          1.25        0.703
           1.5      0.85252
         1.626      0.91377
        1.7442       1.0815
        1.9341      1.26129
        1.9803      1.31571
        2.1527      1.44576
        2.2891      1.53716
        2.3195      1.55935
        2.3707      1.60278
        2.4266      1.64606
        2.5667      1.73973
         2.608      1.77019
        2.6739       1.8142
        2.7938      1.89291
         2.889      1.95199
         3.107      2.06789
        3.2258      2.12522
        3.2802      2.14875
        3.3395      2.17434
        3.3778      2.19185
        3.3858      2.19467
           3.5      2.24791
             4      2.44096
           4.5      2.53339
             5      2.54742
           5.5       2.5223
             6      2.48827
           6.5      2.45677
             7      2.43363
        7.3558      2.42151
           7.5       2.4193
             8      2.41163
           8.5      2.40658
        8.6012      2.40638
          8.75      2.39957
             9      2.35806
          9.25      2.26497
        9.3581      2.22486
        9.5971      2.10218
          9.75      2.03026
            10      1.91306
         10.25      1.76367
          10.5      1.64857
         10.75      1.54259
            11      1.44679
          11.5      1.28521
            12      1.15195
          12.5      1.01312
            13     0.919441
          13.5     0.842099
            14     0.776888
          14.5     0.722455
          14.6      0.71293
            15     0.674867
        15.088     0.667471
          15.5     0.632875
            16     0.595188
          16.5     0.561335
            17     0.529804
          17.5     0.500066
            18     0.471651
          18.5     0.444862
            19      0.41911
          19.5     0.394346
            20     0.370631
//
#-------------------------------------------------------------------------------
#
#name:   ENDF/B-VIII.b4: XE-135(N,INL)XE-135
#X.axis: Incident Energy
#Y.axis: Cross Section
#wdata:  2
#ldata:  291
#data...
#            X            Y
#          MeV        barns
      0.290657            0
           0.3    0.0347117
      0.309733    0.0440515
      0.319143    0.0528075
      0.332571    0.0648642
      0.345389    0.0759268
      0.361735    0.0894544
      0.376672     0.101291
      0.396338     0.116179
      0.413585      0.12864
      0.433677     0.142517
      0.456288     0.157385
      0.484983     0.175227
           0.5     0.184148
      0.530537     0.193918
      0.568606     0.214044
      0.630891     0.245551
           0.7     0.278793
      0.723762     0.288622
      0.760927     0.303674
      0.773735     0.308735
           0.8     0.318662
      0.842305     0.334896
      0.848528     0.337227
      0.880342     0.348642
           0.9     0.355575
      0.948683      0.37309
             1     0.390454
       1.06769      0.41236
       1.10323     0.423449
       1.13996     0.434583
          1.25     0.555938
       1.25987     0.561821
       1.26982     0.568022
       1.31471     0.612107
       1.38504      0.68033
       1.40931      0.70354
       1.45913      0.75109
        1.4685     0.767649
       1.48417     0.794202
           1.5     0.820935
       1.53321     0.855682
       1.56227     0.885511
         1.577     0.900538
       1.63279     0.951175
       1.69055       1.0026
          1.75         1.06
       1.79472      1.09238
       1.80459       1.1005
       1.83006      1.12167
        1.8559      1.14309
       1.86404      1.14981
       1.88209      1.16466
       1.90866      1.18645
       1.92506        1.199
       1.94161      1.21188
       1.96221      1.23089
       1.98302      1.25003
       1.99149      1.25878
             2       1.2678
       2.03037      1.29166
       2.04573      1.30366
        2.0612      1.31567
       2.06256      1.31777
       2.06392      1.31979
       2.08337        1.335
       2.08617      1.33717
       2.10865      1.35488
        2.1184      1.36295
       2.12819      1.37101
       2.17435        1.395
       2.19633       1.4064
       2.22151      1.41944
       2.23956      1.42898
       2.26078      1.44018
       2.26362      1.44168
       2.30111      1.46151
       2.30653      1.46437
       2.31893      1.47098
       2.34215      1.48356
       2.34473      1.48495
       2.37867      1.50354
       2.38357      1.50622
       2.39479      1.51236
       2.41809      1.52525
       2.44869      1.54213
        2.4509      1.54334
        2.4531      1.54455
        2.4632      1.55016
        2.5156      1.57958
       2.52465      1.58465
       2.52465      1.58465
       2.52677      1.58584
       2.53356      1.58965
       2.53356      1.58965
       2.54156      1.59422
       2.56982      1.61031
       2.57969      1.61592
       2.62882      1.64418
       2.64289      1.65225
       2.64915       1.6559
        2.6712      1.66875
       2.67889      1.67323
       2.68509      1.67685
       2.69117       1.6804
       2.72257      1.69887
       2.73281      1.70495
       2.75324      1.71707
       2.75579      1.71859
       2.75693      1.71926
       2.78427      1.73539
       2.78942      1.73842
       2.81579      1.75403
       2.85792      1.77941
       2.86329      1.78267
       2.89113      1.79953
       2.89331      1.80085
       2.91628      1.81482
        2.9263      1.82089
        2.9281      1.82198
       2.96383      1.84372
             3      1.86581
       3.10984      1.88352
       3.15916      1.88959
       3.20925      1.89755
       3.25374      1.90468
       3.29884      1.91022
       3.37927      1.92275
       3.39092      1.92416
       3.45126      1.93154
       3.46167      1.93285
       3.46167      1.93285
       3.52478      1.94253
       3.58095       1.9491
       3.58905      1.95008
         3.597      1.95112
       3.63801      1.95656
       3.64506      1.95754
       3.68765       1.9637
       3.72532       1.9677
       3.72532       1.9677
       3.76337      1.97218
       3.79315      1.97584
       3.81841      1.97897
       3.82118      1.97932
       3.84065      1.98196
       3.84309       1.9823
       3.86022      1.98466
       3.89305      1.98924
       3.91951      1.99211
       3.93948      1.99437
         3.947      1.99525
       3.94725      1.99529
       3.95381      1.99607
       3.95955      1.99677
       3.96459      1.99739
             4      2.00176
       4.11314       1.9928
       4.16364      1.98884
       4.30574      1.97924
        4.4697      1.96994
        4.4697      1.96994
       4.47214      1.96983
       4.59675      1.96081
       4.64533      1.95765
       4.73156      1.95212
       4.73689      1.95179
       4.76901      1.94995
       4.82574      1.94672
       4.86667      1.94449
       4.88314      1.94365
       4.94122      1.94073
             5      1.93789
       5.11526      1.92777
       5.16652      1.92329
       5.21829      1.91887
       5.31014      1.91104
       5.32339      1.90994
       5.40361      1.90329
       5.47479       1.8974
       5.48503      1.89657
       5.54691       1.8916
       5.60162      1.88721
       5.65687      1.88277
       5.70466      1.87903
       5.74076      1.87621
        5.7771      1.87337
        5.8045      1.87124
       5.85046      1.86773
       5.86895      1.86632
       5.92476      1.86206
       5.93411      1.86134
       5.96697      1.85888
             6      1.85639
       6.22074      1.81436
       6.23574      1.81151
       6.40702        1.779
        6.4186       1.7768
       6.55038      1.75186
        6.6128      1.74007
       6.70754      1.72217
       6.73537      1.71693
       6.74856       1.7146
       6.77949      1.70916
       6.85221      1.69637
       6.91516      1.68532
       6.92571      1.68347
       6.96276      1.67696
             7      1.67043
       7.22254      1.50648
       7.23762      1.49537
        7.3288      1.42821
       7.40952      1.37099
       7.42112      1.36276
       7.55292      1.26934
       7.56179      1.26305
       7.61523      1.22646
       7.70965      1.16179
       7.75047      1.13383
       7.85118      1.06487
       7.85348      1.06334
       7.87425      1.04951
       7.96312     0.990335
       7.96838     0.986834
             8     0.965777
       8.23907     0.856632
       8.33055     0.814868
       8.42305      0.77405
       8.56372     0.711974
       8.61708     0.689133
       8.75193     0.631407
       8.85216     0.588502
        8.8751     0.578923
       8.91654     0.561619
             9     0.526766
       9.24021      0.47396
       9.49465     0.419841
        9.6126     0.394751
       9.67213     0.382519
        9.8347     0.349114
       9.90171     0.335344
       9.95842      0.32392
            10     0.315542
        10.333     0.290474
       10.4664     0.280439
       10.6203     0.269377
       10.9496     0.245712
       10.9701      0.24424
       11.2032     0.228132
       11.3273     0.219559
        11.471      0.20998
       11.6572     0.197562
       11.7715     0.189941
       11.8273     0.186319
       11.9566     0.177944
            12     0.175132
        12.337     0.167485
       12.6264     0.160919
       12.8372     0.156135
       12.9566     0.153591
       13.2099     0.148191
       13.4868     0.142289
       13.6011     0.139853
        13.709     0.137651
        13.741     0.136997
       13.9023     0.133705
       13.9348     0.133042
            14     0.131711
        14.336      0.12911
       14.5697     0.127301
       14.8552     0.125091
            15      0.12397
        15.244     0.121923
       15.3365     0.121146
       15.5702     0.119185
       15.6174     0.118789
       15.8554     0.116791
       15.9035     0.116388
            16     0.115578
       16.4781      0.11142
       16.8461      0.10822
       16.9706     0.107138
       17.2342     0.104977
       17.5039     0.102765
       17.6677     0.101422
       17.7502     0.100746
            18    0.0986975
       18.4804    0.0931988
       18.8491    0.0889787
       18.9737    0.0875534
            20    0.0764092
//
#-------------------------------------------------------------------------------
#
#name:   ENDF/B-VIII.b4: XE-136(N,INL)XE-136
#X.axis: Incident Energy
#Y.axis: Cross Section
#wdata:  2
#ldata:  63
#data...
#            X            Y
#          MeV        barns
        1.3227            0
           1.4      0.31669
          1.55      0.52304
         1.707      0.64908
        1.9057      0.86768
        2.1415      1.04213
        2.2783      1.19724
        2.3065      1.22168
        2.4327      1.38451
        2.4833      1.45862
        2.5789      1.56838
        2.6279      1.61902
        2.6538      1.64683
        2.8704      1.84954
        2.8903      1.86955
        3.0012      1.96622
        3.2357      2.12148
        3.2995      2.15814
           3.5      2.27842
         3.659      2.36039
             4      2.49241
           4.5      2.57859
             5      2.58126
           5.5      2.54927
             6      2.51311
        6.1419      2.50336
           6.5      2.48182
             7      2.45985
           7.5      2.44475
        7.7294      2.44123
        8.0541      2.43899
          8.25      2.42306
           8.5      2.36881
          8.75      2.28583
             9      2.16464
          9.25      2.05155
        9.3871      1.96152
           9.5       1.9077
          9.75      1.78872
        9.9704      1.65606
         10.25      1.53117
          10.5      1.43457
         10.75      1.34805
            11      1.27045
          11.5      1.09953
            12     0.981325
          12.5     0.886929
            13      0.80927
          13.5     0.743919
            14     0.690316
          14.5     0.644835
        14.554     0.639924
            15     0.602094
          15.5     0.564396
            16     0.530438
          16.5     0.499901
            17     0.471515
          17.5     0.444744
            18     0.419341
          18.5     0.395638
            19     0.373002
          19.5     0.351429
            20     0.330872
//
#-------------------------------------------------------------------------------